N: -0.022122
S: -3.163715
E: -1.592919
W: 1.548673
