START: [-0.044122, -0.545816, 0.048730]
EXIT: [0.662045, -1.587176, 3.121600]
WS-01: [0.020673, -0.046167, 0.082215]
WS-02: [1.320527, 0.005219, -3.115157]
WP-01: [2.116868, -0.619536, -1.480843]
WS-03: [2.257640, -1.494093, -3.120794]
WS-04: [2.259720, -1.273349, -0.035434]
PP-01: [2.293216, 0.039907, -0.020507]
SH-01: [2.332902, 1.035315, -0.002162]
SH-02: [2.279382, 2.050191, -0.036912]
WS-05: [1.556709, 1.346349, -1.578896]
WS-06: [1.407495, 1.474277, 1.606069]
WS-07: [1.964671, 2.835484, 3.099098]
WS-08: [2.363442, 2.838191, 0.072495]
WP-02: [2.940051, 3.556144, -0.022613]
CB-01: [2.743007, 3.888680, 2.026807]
WP-03: [1.754700, 4.477269, 0.001731]
WS-09: [1.599844, 4.131926, -1.575829]

