T1: [0.097109, 0.846872, 0.0]
T2: [0.027810, -0.985749, 0.0]
T3: [0.707588, 0.011277, 0.0]
T4: [1.766977, 0.075468, 0.0]
T5: [2.160661, 0.947257, 0.0]
T6: [2.878436, 1.016258, 0.0]
T7: [2.686269, -0.742011, 0.0]
T8: [3.254912, -0.609486, 0.0]
S1: [1.715964, 0.949148, 3.141592]
S2: [1.694667, -0.602242, 3.141592]
S3: [1.963164, 0.053373, 0.0]
S4: [3.306967, 0.185438, 3.141592]
S5: [3.778610, -0.470624, 0.0]
C1: [3.909008, 0.816440, 0.0]
EXIT: [0.031775, -0.028260, 0.0]
