N: 0.0
S: 3.141592
E: 1.570796
W: -1.570796
